Fri May 07 2021 14:13:59 GMT-0600 (MDT)0, 50, 50 to
0, 50, 50 to
0, 50, 50 to
0, 50, 50 to
0, 50, 50 to
0, 50, 50 to
0, 50, 50 to
0, 50, 50 to
0, 50, 50 to
0, 50, 50 to
0, 50, 50 to
0, 50, 50 to
0, 50, 50 to
0, 50, 50 to
0, 50, 50 to
0, 50, 50 to
0, 50, 50 to
0, 50, 50 to
0, 50, 50 to
0, 50, 50 to
0, 50, 50 to
0, 50, 50 to
0, 50, 50 to
0, 50, 50 to
0, 50, 50 to
0, 50, 50 to
0, 50, 50 to
0, 50, 50 to
0, 50, 50 to
0, 50, 50 to
0, 50, 50 to
0, 50, 50 to
0, 50, 50 to
0, 50, 50 to
0, 50, 50 to
0, 50, 50 to
0, 50, 50 to
0, 50, 50 to
0, 50, 50 to
0, 50, 50 to
0, 50, 50 to
0, 50, 50 to
0, 50, 50 to
0, 50, 50 to
0, 50, 50 to
0, 50, 50 to
0, 50, 50 to
0, 50, 50 to
0, 50, 50 to
0, 50, 50 to
0, 50, 50 to
0, 50, 50 to
0, 50, 50 to
0, 50, 50 to
0, 50, 50 to
0, 50, 50 to
0, 50, 50 to
0, 50, 50 to
0, 50, 50 to
0, 50, 50 to
0, 50, 50 to
0, 50, 50 to
0, 50, 50 to
0, 50, 50 to
0, 50, 50 to
0, 50, 50 to
0, 50, 50 to
0, 50, 50 to
0, 50, 50 to
0, 50, 50 to
0, 50, 50 to
0, 50, 50 to
Fri May 07 2021 14:13:59 GMT-0600 (MDT)0, 81, 75 spaced
60, 81, 75 to
60, 81, 75 to
60, 81, 75 to
60, 81, 75 to
60, 81, 75 to
Fri May 07 2021 14:13:59 GMT-0600 (MDT)60, 65, 93 spaced
120, 65, 93 to
120, 65, 93 to
120, 65, 93 to
120, 65, 93 to
120, 65, 93 to
120, 65, 93 to
120, 65, 93 to
Fri May 07 2021 14:13:59 GMT-0600 (MDT)120, 97, 93 spaced
180, 97, 93 to
180, 97, 93 to
180, 97, 93 to
180, 97, 93 to
180, 97, 93 to
180, 97, 93 to
180, 97, 93 to
180, 97, 93 to
180, 97, 93 to
Fri May 07 2021 14:13:59 GMT-0600 (MDT)180, 86, 100 spaced
240, 86, 100 to
240, 86, 100 to
240, 86, 100 to
240, 86, 100 to
240, 86, 100 to
240, 86, 100 to
Fri May 07 2021 14:13:59 GMT-0600 (MDT)240, 86, 90 spaced
300, 86, 90 to
300, 86, 90 to
300, 86, 90 to
300, 86, 90 to
300, 86, 90 to
300, 86, 90 to
300, 86, 90 to
300, 86, 90 to
300, 86, 90 to
300, 86, 90 to
300, 86, 90 to
300, 86, 90 to
Fri May 07 2021 14:13:59 GMT-0600 (MDT)300, 75, 100 spaced
